0.42
0.93
1.44
1.9
2.39
2.88
3.37
3.85
4.39
4.9
5.41
5.94
6.62
7.13
7.66
8.17
8.71
9.38
9.89
10.4
10.94
11.45
12.14
12.65
13.17
13.68
14.21
14.84
15.42
15.93
16.44
16.97
17.65
18.18
18.69
19.2
19.74
20.41
20.92
21.46
21.97
22.48
23.17
23.71
24.22
24.73
25.24
25.7
26.17
26.63
27.14
27.65
28.17
28.7
29.21
29.72
30.26
30.77
31.25
31.74
32.25
32.74
33.25
33.74
34.23
34.74
35.25
35.76
36.27
36.76
37.22
37.69
38.2
38.71
39.22
39.73
40.24
40.77
41.29
41.8
42.31
42.79
43.28
43.75
44.23
44.74
45.26
45.77
46.28
46.79
47.3
47.79
48.25
48.72
49.23
49.74
50.25
50.76
