0.12
0.6
1.04
1.46
1.86
2.3
2.72
3.11
3.55
4.06
4.57
5.11
5.57
6.04
6.52
6.99
7.45
7.94
8.41
8.85
9.33
9.8
10.29
10.75
11.22
11.7
12.17
12.61
13.03
13.44
13.86
14.33
14.81
15.28
15.74
16.21
16.7
17.16
17.62
18.09
18.55
19.02
19.5
19.97
20.43
20.9
21.36
21.83
22.22
22.62
23.08
23.55
24.03
24.5
24.96
25.45
25.91
26.35
26.82
27.31
27.77
28.24
28.7
29.16
29.63
30.12
30.58
31.05
31.58
32.09
32.6
33.09
33.55
34.02
34.5
34.97
35.46
35.92
36.36
36.83
37.29
37.8
38.34
38.85
39.33
39.8
40.26
40.73
41.19
41.66
42.14
42.61
43.1
43.56
44.03
44.49
44.95
45.42
45.88
46.35
46.83
47.3
47.79
48.25
48.72
49.2
49.67
50.13
50.6
51.04
51.5
51.99
52.45
52.94
53.41
53.87
54.33
54.8
55.29
55.75
56.22
56.7
57.17
57.63
58.1
58.54
